0
0
0
0
1
1
1
1
1
1
1
1
2
3
3
4
4
4
4
4
5
5
6
7
8
8
8
9
9
9
9
10
10
11
11
11
12
12
12
13
13
13
13
14
14
14
15
15
15
16
17
17
18
18
19
19
19
20
20
20
20
22
23
23
24
25
25
26
26
26
27
27
28
28
28
28
28
29
29
29
29
30
30
30
31
32
32
32
32
32
32
33
35
35
36
36
38
38
39
39
39
39
40
40
41
41
41
42
42
42
42
42
43
43
43
43
45
45
46
46
46
48
48
48
49
51
53
53
57
58
59
59
60
60
61
62
62
62
62
62
64
64
65
65
65
65
65
65
65
66
66
66
66
67
67
67
70
71
71
72
72
72
73
73
75
75
77
78
78
78
78
79
80
80
81
81
81
83
83
84
84
86
88
89
89
91
92
93
93
94
95
97
97
97
98
99
99
99
99
99
99
100
100
100
101
101
101
101
101
101
102
102
103
103
103
104
105
105
105
105
105
105
106
106
108
108
109
109
110
110
110
110
111
111
111
112
112
112
113
114
114
114
115
115
116
116
117
118
118
118
119
119
119
120
120
121
122
123
124
125
125
126
126
127
128
128
129
130
131
132
132
133
134
136
136
138
138
139
139
140
140
141
142
142
143
144
145
146
146
146
147
147
149
149
150
151
153
154
154
154
155
155
155
155
156
157
157
159
159
159
160
160
161
161
163
163
163
164
165
166
167
169
171
171
172
173
174
178
181
181
183
186
186
187
189
190
194
194
194
195
198
199
199
200
200
201
201
204
204
204
205
205
208
209
210
210
212
213
214
214
216
216
218
219
219
220
222
223
224
225
226
227
227
228
228
229
230
233
233
233
233
234
234
235
236
236
236
236
237
240
241
242
242
242
242
243
243
244
244
246
247
252
252
254
257
258
258
259
259
260
260
260
263
264
264
265
266
267
267
269
269
269
269
270
273
273
277
278
279
280
280
281
282
282
285
285
286
289
290
291
291
291
292
292
293
293
295
297
300
301
303
304
304
305
307
309
309
310
310
317
317
318
319
322
322
323
323
325
326
328
328
332
332
335
338
339
341
341
342
345
346
346
348
348
351
352
355
356
358
363
364
365
365
366
366
367
368
369
371
371
371
372
372
373
375
375
375
375
376
377
378
379
379
380
381
382
382
383
383
383
384
386
387
388
388
389
390
391
391
393
393
393
397
400
401
402
403
404
405
405
406
406
407
409
409
410
410
411
412
412
414
414
414
415
417
421
422
423
426
428
429
431
433
433
434
436
437
437
438
439
444
444
444
449
449
450
450
453
453
454
454
454
454
454
456
458
459
461
463
466
468
468
470
473
474
476
477
478
481
483
484
485
486
488
488
492
492
492
493
494
496
497
497
500
501
501
502
503
505
507
510
514
515
517
518
521
525
525
526
527
531
532
533
534
535
536
537
538
538
539
540
541
541
545
547
549
549
550
553
554
554
557
560
562
563
563
564
565
565
567
568
571
578
580
581
581
583
597
597
599
601
602
603
604
604
605
606
607
610
612
617
619
621
621
623
625
626
626
629
631
635
639
641
641
644
647
647
651
661
661
664
666
667
668
670
671
671
674
675
676
680
682
683
685
686
686
687
688
696
697
699
700
702
703
706
708
710
711
712
717
717
719
720
720
730
731
731
736
737
740
741
744
750
752
753
755
755
759
762
768
769
778
782
783
783
785
789
794
795
798
805
806
813
814
814
815
815
816
818
819
820
822
824
825
826
828
828
830
836
836
837
837
837
837
838
838
842
845
848
853
857
857
860
861
861
861
863
875
876
876
878
881
883
884
884
892
893
894
898
900
901
908
909
911
911
912
913
918
918
919
922
927
929
930
931
933
942
942
942
942
944
945
947
948
948
948
949
950
951
955
957
962
965
965
968
971
972
974
977
977
979
980
981
983
991
991
999
1001
1002
1005
1006
1008
1016
1018
1021
1027
1033
1034
1036
1039
1041
1042
1042
1043
1044
1058
1059
1060
1073
1073
1073
1076
1080
1081
1084
1084
1087
1090
1093
1097
1101
1102
1106
1109
1120
1122
1126
1138
1139
1140
1140
1143
1147
1149
1152
1152
1153
1153
1155
1155
1156
1160
1163
1165
1166
1167
1171
1172
1187
1195
1197
1205
1210
1210
1213
1216
1216
1219
1226
1236
1238
1239
1243
1243
1245
1247
1248
1251
1254
1254
1262
1279
1286
1300
1303
1310
1312
1320
1330
1344
1348
1355
1365
1365
1367
1376
1378
1396
1414
1421
1442
1444
1447
1452
1461
1499
1502
1503
1504
1505
1533
1536
1547
1552
1553
1561
1570
1573
1582
1582
1590
1591
1605
1605
1624
1644
1647
1650
1660
1668
1669
1672
1713
1729
1785
1795
1801
1817
1851
1884
